1.000000000000000000e+00 4.682430671713903259e+00
1.040000000000000036e+00 4.180932813900716027e+00
1.080000000000000071e+00 3.765394874040427275e+00
1.120000000000000107e+00 3.417182152439577791e+00
1.160000000000000142e+00 3.122209360268450862e+00
1.199999999999999956e+00 2.869731551425961591e+00
1.239999999999999991e+00 2.651489323390285868e+00
1.280000000000000027e+00 2.461092750096658843e+00
1.320000000000000062e+00 2.293569422400453028e+00
1.360000000000000098e+00 2.145027793172605168e+00
1.400000000000000133e+00 2.012403400439859436e+00
1.439999999999999947e+00 1.893265994825427789e+00
1.479999999999999982e+00 1.785672315964022649e+00
1.520000000000000018e+00 1.688053614758221688e+00
1.560000000000000053e+00 1.599129876207634027e+00
1.600000000000000089e+00 1.517844626182820233e+00
