4.361046809320884066e+00
4.249225096261374013e+00
4.137403383201863960e+00
4.025581670142354795e+00
3.913759957082844743e+00
3.801938244023334690e+00
3.690116530963825081e+00
3.578294817904315028e+00
3.466473104844805420e+00
3.354651391785295367e+00
3.242829678725785314e+00
3.131007965666275705e+00
3.019186252606766097e+00
2.907364539547256044e+00
2.795542826487745991e+00
2.683721113428236382e+00
2.571899400368726774e+00
2.460077687309216721e+00
2.348255974249706668e+00
2.236434261190197059e+00
2.124612548130687006e+00
2.012790835071177398e+00
1.900969122011667345e+00
1.789147408952157736e+00
1.677325695892647683e+00
1.565503982833138075e+00
1.453682269773628022e+00
1.341860556714118413e+00
1.230038843654608360e+00
1.118217130595098752e+00
1.006395417535588699e+00
8.945737044760790901e-01
7.827519914165690373e-01
6.709302783570589845e-01
5.591085652975493758e-01
4.472868522380393230e-01
3.354651391785292702e-01
2.236434261190201056e-01
1.118217130595100528e-01
0.000000000000000000e+00
