6.555402940399464029e+00
6.387315685517426900e+00
6.219228430635388882e+00
6.051141175753351753e+00
5.883053920871313736e+00
5.714966665989276606e+00
5.546879411107238589e+00
5.378792156225201460e+00
5.210704901343163442e+00
5.042617646461126313e+00
4.874530391579088295e+00
4.706443136697051166e+00
4.538355881815013149e+00
4.370268626932976019e+00
4.202181372050938890e+00
4.034094117168900873e+00
3.866006862286863299e+00
3.697919607404825726e+00
3.529832352522788153e+00
3.361745097640750579e+00
3.193657842758713006e+00
3.025570587876675432e+00
2.857483332994637859e+00
2.689396078112600286e+00
2.521308823230563156e+00
2.353221568348525139e+00
2.185134313466488010e+00
2.017047058584449992e+00
1.848959803702412863e+00
1.680872548820374845e+00
1.512785293938337716e+00
1.344698039056299699e+00
1.176610784174262569e+00
1.008523529292225440e+00
8.404362744101874227e-01
6.723490195281502935e-01
5.042617646461122760e-01
3.361745097640751467e-01
1.680872548820371293e-01
0.000000000000000000e+00
