3.139798369136752032e-01
2.130399579794118037e-01
1.691300695856375880e-01
1.459122558227703148e-01
1.304653535835487710e-01
1.188990535610005422e-01
1.096173506012285553e-01
1.018262985214193894e-01
9.507831608235581267e-02
8.909806516699766976e-02
8.370491237644649141e-02
7.877436001226219286e-02
7.421718452066082550e-02
6.996738634812096902e-02
6.597485092278963792e-02
6.220067962623290758e-02
5.861410878735475588e-02
5.519041237607882899e-02
5.190943559010195024e-02
4.875454539912462554e-02
4.571186397952730490e-02
4.276969856622060001e-02
3.991811050755197932e-02
3.714858480010127528e-02
3.445377335722835110e-02
3.182729319680963759e-02
2.926356609116871621e-02
2.675768990852070775e-02
2.430533445245494986e-02
2.190265643649364630e-02
1.954622954831767428e-02
1.723298651910921270e-02
1.496017082251722453e-02
1.272529615697091075e-02
1.052611226373255555e-02
8.360575936394857785e-03
6.226826310786125543e-03
4.123163704383235768e-03
2.048031415105938842e-03
0.000000000000000000e+00
