2.743019167930367819e-01
2.128866009499174594e-01
1.690080544853396205e-01
1.419633354596284702e-01
1.238260785399116770e-01
1.105146930205334055e-01
1.001029296430070575e-01
9.158772534999910786e-02
8.439442758784231058e-02
7.816787649201188681e-02
7.267514982285833147e-02
6.775613267287057540e-02
6.329649625941333180e-02
5.921201491809074263e-02
5.543900036455869096e-02
5.192821901557932718e-02
4.864088494907672228e-02
4.554593890212842167e-02
4.261815131729270595e-02
3.983676909873437588e-02
3.718453045563994280e-02
3.464693467467720722e-02
3.221169206745252978e-02
2.986830359503306331e-02
2.760773536594637173e-02
2.542216358159202910e-02
2.330477250179080820e-02
2.124959280807974665e-02
1.925137109558744744e-02
1.730546360008698367e-02
1.540774897288202556e-02
1.355455615766406816e-02
1.174260433701436630e-02
9.968952596068524075e-03
8.230957462057623616e-03
6.526236866343859862e-03
4.852639372152195950e-03
3.208217740495351855e-03
1.591206084331148575e-03
0.000000000000000000e+00
